11001111111111111010
11001111111111111010
10001111111011111010
00010110011011111011
01000111011111111011
00000111111111111011
00001111111111110011
10000111111011111011
01000111111011111011
00011111111011111011
00011111111011111011
00000111111011111011
10101010110010111010
10111000111011111010
10001100111011111111
10001100111011111111
00000100011011111111
10001100111011111011
00000110010011110011
11000111011111111011
00000010010010110011
00010110010011111011
00000101011011111011
01000111011111111011
00011001111111111101
10011100111011111001
01000111111011111011
00000111011011111011
11101111111111111010
01000101011011111010
01000011010111111010
01010101011111111010
01010011011011111011
10001111111111111010
01000111011111111011
01000101011011111011
00000011010110110010
01001111111111111011
00001000111011110011
10000000011011111011
00000101011011111111
01000101011011111111
00000101011011111111
00000111011011111011
11101111111011111111
10101110111011111011
01010111010111111011
10101010111011110101
00010011010011110011
01000011010011111011
01001101111111111011
10001111111011111011
01000111011111111011
11111111111111111111
11111110111111111111
00000010010010110011
10101010111111111011
11101010111111111011
00000001011101111001
10111011111011111011
10101011111111111001
10011011111101111001
10001110111111111011
10011011111111111010
10101111111011111010
00001110111011111011
00001111111011111111
10000111111011111010
01000111011111111011
01000101011111111011
11101001111111111001
10001010111011111011
00000010011011111011
00000011011111111011
00001100010011110011
00001100011011110011
10001100111011110011
10101100111011110011
10101100111011110011
00001011110111111011
00001100111011110011
10001100111011110011
10101100111011111011
10101011111111111011
10111100111011111011
01011111111011110011
10011010110111110000
11001011111011111011
00010111011111111011
10100101111011111001
10100111111011111001
10000110111011111001
00000101011011111001
00000101011011111001
00000101011011111001
00000101011011111001
10010100111011111001
00000111011011111011
01010010010010111011
00010010010010110011
00001010111011110011
00010010010010110011
00001010111011110011
00000011010011111010
00000010010111110011
01001010110011110011
11011011111011111011
10011011111111111001
00000011011011110111
01001111111111110111
01001111111111110111
01001111111111111111
01000111010011110111
00000111111011111011
01011111010011110011
10101111111111111010
10001111111111111010
00010011111011111011
00010111011011111011
10101111111011111111
01000111011111111011
01011110010011110011
01011111010011111011
00000011010111111011
00000111011011111111
00001111111011111010
10101111111011111011
00011110111011111011
10101111111011111011
10111110111011111011
00011011010011111011
01001010010011110010
11001111111011111011
10001100111011111011
10001111111011111011
01010011111111111000
00000111010011111011
10001111111011111011
00000110010010110010
11001111111111111011
11101110111111111011
00010011010011111000
00000011011011111011
10101110111111111011
10101110111111111011
11001010111011111011
10111100111011111111
01000110111011111011
11101110111011111011
11101111111011111111
11101111111011111111
01000011010111111011
01001111011011111011
01001111011011111011
00001111011011111011
00001111011011111011
01001111111111111111
01011111011111111011
11001101111011111111
01010001011111111100
10101111111011111011
10001011110011110011
10001011110011110011
10101111111011111010
00010110011011110010
00011110111011110010
10001000111011111011
00001011110111111011
10001110111011111011
01011011011011111011
00001110010011110011
00000011010011111011
01000111011111111011
01001011110110111011
01011111011011111011
01010101011011111011
01011010111011111010
01010101011011111011
01010101011011111111
00000111010011111111
00000111011111111111
00000011011011111011
10101000111011111111
10101111111011111111
11101111111011111111
10101111111011111111
11101111111111111011
10111100111011111111
11101111111111111111
00010001111111111001
00001011010011111011
11001010111111111011
10111100111011111111
10111100111011111011
10111111111011111011
00010100010011111111
00011111111011111011
10011000111011111010
10111011111111111110
10011110111111111010
00011111111111111111
11000101111011111010
00011111111011111111
00011111111011111111
10101010111011111010
10111100111011111010
00001111111011111011
00000100011011111000
11001111111011111010
10001110111111111011
01000101010111111011
01010010010111110011
01000111011011111011
01000111011011111011
01000111011011111011
01000111011011111011
01000111011011111011
01000111011011111011
01000111011011111011
01000111011011111111
00000111011011110010
00000111010011111011
00000010010010110011
00000111010011111111
00000110010011111011
00000010010010110111
00000010010010110011
01000111011111111011
01000111111011111111
01000011111011111111
00000000111011110111
00000011111011111011
10111010111011111011
10101000111011111011
00011011111011111111
00011110111011111011
01000111011111111011
00000011010011110010
00000011011011111011
00000011010110110011
00000011010010110011
00011011010110110011
00001010010110110011
00001010010110111011
00001010010110110010
00001010110110110011
00011011010011111011
00000011010111110011
01010011010111111011
00011010011111111011
01010110010011111011
01001011110011110011
00011111010011111011
01001111010011111011
00011111111011111011
11001011111011111011
10101111111011111011
10101111111011111011
00010011011111111111
00000011011011110101
00000110011011110111
00000100011011110111
10001000110010110011
10001000110010110011
11001111111011111011
10101000111011111011
00000110011011111111
00011111111111111011
10001111111111111011
00001111111111111011
00011111010111111111
11111001111111111001
11111001111111111001
00000010011111111011
10101111111011111011
10101100111011111011
11001111111011111011
10001111111011111011
10011011111011111011
01001010111011111011
00001011011011111011
00001111110011111011
10101011111011111011
10101011111011111011
10001011111011111011
01000011111111110111
01001101111111111011
00000011111011111011
00001011010110110111
00001011010010110111
00000010010010110011
01000111011011111111
01000111011011111011
01000111011011111011
11001111111011111011
00000000110011111011
00000110111111111011
00000100111011111011
00000110111011111011
00000011111011111011
00000111011011111011
00000101011111111011
00010111011011111011
10001111111011111011
00000011011011111011
01001111010011111011
00000111011011111011
00000111011111111011
00000111011111111011
01000111111111110011
11001111111011111110
01000000010111111011
01000010010111111011
01000001011111111011
00000001011111111001
01000011111111111011
11111001111101111001
11101001111101111001
10101100111011111011
00010111010011110011
00000011111111111011
01001110010011110111
00001111010011110011
00010110010011110011
00000111010011110011
01000011010011111011
00000010010010110111
00010110011011110010
00010111011011110010
01000111111111111011
01000010111111111110
01001011010111111011
00010110010011111011
01011110010011110011
00000001010010111001
00000111111011111011
01010111011011111011
01010010010010111011
01000000010010110011
10101011111011111011
10101000111011111011
00000011011011111011
00000010010011110011
00000011111011111011
00011100111011111011
00010111011011111011
10001011111011111011
00000011111011111011
00000110011011111011
00011111111011111011
10011111111011111011
10011000111011111011
00000011111011111011
00000010010011111011
00010110010011111011
00010111010011111011
00010110010111111011
00010111010111111011
01010111010011111011
00010111010111111011
00011111111111111011
01011001010111111011
10011111111011111011
00001111011011111011
00011111111011111011
00001111111011111011
00001111111011111011
00001111111011111111
00010100011011111111
10001110111011110111
00000111111011111011
00001111111011111011
00001111111011111011
00011111011011111011
00011110110011111011
00011111011011111011
00011111110011110011
00011110010011111011
00011110010011110011
00000110010011110011
00001111011011111011
01011110010011111011
00000110011011111011
00001011110111110011
01001010010010110011
00010010010010110011
00010110010011110011
00001110010011110011
00000010010010110011
00011110010111111111
00000010010010110011
01010110010011111110
01011110010111110011
01000010010010110011
00010010010010110011
01000011010110111011
01000010010010110011
01000010010010111011
01000110010011111011
01000110010010110011
01010110010011110011
01011110010011110011
01010110010011110111
01010010010011111111
01010110010011110011
01000110010010110011
01001110010111110011
00000010010010110011
00011110010011111011
01000110010011111011
00010010010111110011
00000110010011110011
00000010010010110011
00011010010011110011
00011010010111110011
00010110010011111011
00011010010111110011
00011000010011110011
01000110010010110011
00001110010011110011
00000110010010110011
00000010010010110011
00001100010011110011
00011011010011111011
01010110010011110011
01000010010010110011
00010010010011110011
01001010010110110011
01001111011011111011
01001101111011111011
00001010111011111011
10001110111011111011
10001100111011111001
00000010010011111011
10001110111011111011
10001110111011111011
11001010111111111010
11001111111011111011
00000000010010111011
10111011111111111011
01000001011111111001
10011111111111111000
00000011111011111001
11001010111011111011
00011110110011111011
01000111010011110011
00000111011011111011
00000111011111111011
01000111011111111011
10001011111011111001
01000011111111111011
01000110011011111011
00000000010011111011
00000000010010111001
01010011011111111011
01000010010011110010
11001011111111111011
10101010111111111011
00000001111111111001
10001010111111111011
11101011111011111011
01001111011011111011