00000000010010110011
00010110010011110011
00001110010011110011
01010111010011111011
00000110010010111011
00000000010010110011
00000010010010110011
00000110010010110011
00000011010010110011
01010010010010110011
01000110010011111011
01000010010010111011
01010010010010111011
00010010010010111011
00010010010011110011
00000010010010111011
00001111010011110011
00000010010010110011
00000110010111111010
00010011010011111011
00001010010110110011
01010010010010111011
00000010010010110111
00010010010011110011
01000110010010110011
00000010010010110011
00001111010111110011
00000010010010110111
01001011010110111011
00010010010011111011
01001011110110111011
00010010010011111010
01001110010111111011
00000011010010110011
00000011010010110011
01000010010010111011
00000010010010111011
00000010010010110011
01000010010010110011
01000010010010111011
01010011010011110011
01010010010011110011
01011110010011111011
00011010010011110111
00011011010010110011
01010010010010110011
00011010010011110011
01010011010111111011
00010010010010110011
00011110010111110011
01000011010010110011
01010011010011111011
01000010010010110011
01010010010010110011
00010000010011111011
00000111010011111011
01010111010011111011
01010010010011110011
00000010010111110011
01011010010111111011
00001010010010110011
01000010010010110011
01001011010110110011
00000011010010110011
00001011010010110010
01000010010010110011
01000010010010110011
01010010010011110011
01000010010010111011
00000110010011110011
00001010010110111011
00010110010011111011
00001011010011111011
00000010010010110011
00001011010111111011
01010010010010110011
00010010010010110011
01010010010011111011
01010011010011110011
01010111010011111011
00011110010111111010
01010111010011110011
01001011010111110011
01010110010011111011
00011011110111111011
00001111010011110011
01000010010010111011
00010011010010111011
01010111010011111011
01000010010010110011
01000011010111110011
00010011010010110011
00010010010010111011
01000010010010111011
00011011110111110011
00000010010111110011
00010010010010110011
01001011010110111011
01010110010011111011
00000010010010110011
00010010010010110011
01000010010010110011
00010010010011111011
01000110010011110011
00001010010110111011
01000010010010111011
01001011010110110011
00011011010111111011
00000011010010111011
01000111010011110011
00011010010110110011
00000010010010111011
00000010010010110011
00011011010011111111
00000010010111110011
00000011010011110011
00000010010010110011
01010011010010111011
00000010010010111011
00000110010010110011
00010011010011110011
01000010010010111011
01011010010011110011
00011010010011110011
00000110010111110011
00011010010111110011
01000011010010111111
00010010010111110011
00000010010111110011
01011111010111110111
01000011010110110011
00010011010011111011
00010110010011111011
00000010010010111011
01001011010011110011
01001011010011111011
01001010010010110011
01000010010010111011
01011110010111110011
00010011010011110011
01000011011111111011
01001010010110111011
00000010010010111011
00000010010010110011
00000010010110111011
01010110010011111011
01001010010110110011
01011011010110111011
00010011010011111011
00010011010011110011
00010010010010110011
01010010010111111011
01001011010010111011
01000011010010111111
00001111010111111011
01011011010011111011
01011011010110110011
01001010010011110011
00000011010111110011
01010010010010110011
00010011010111111011
01011011010011110011
00011011010111111011
00010010010010110011
00000010010110110011
01000011010010110011
01010011010010110011
01010010010011111011
00000010010010110011
01011010010111110011
00001011010011111011
00010010010010110011
01011010010011111011
00000011010011111011
00010010010010111111
01000011010010110011
01000010010010111011
01001010010010111011
00010000011011110011
00001010010110111011
00010011010010111011
01001011010010110011
01010010010010111011
00001010010110111011
00000010010010110011
00011010010010110011
01001010010010110011
00010111010011110011
00000010010010111011
00000010010010111011
01010010010010110011
00000010010011110011
00010011010011111011
00001010010010110011
00010111010011110011
01011010010110110011
01011111110011111011
01000011010010111011
00001011010010110011
01011010110011110111
00010010010010110011
01000010010010110111
00000010010011111011
00010010010010110011
01010110011111111011
01001011010010110011
01010010010011110011
00010010010010111011
00000010010011110011
01001110010011110011
00010010010110111011
01001011110011111011
01010010010010111011
00000010010010110011
01000011010011110011
01010011010011111011
01001010010110111011
00000010010010110011
01000010010010110011
01001010010110110011
01011010010111110011
01000001010010111011
00001110010011110011
01000010010010110011
01011010010111110011
01000010010010110011
00011010010010110011
01010011010111110011
01001010010010110111
00010010010011110011
00010010010010110011
01010011010111111011
01000010010010111011
01000011010111111011
01011110110011111011
01000011010010111011
01010011010111111011
01000010010010110111
01010010010010110011
01010110010011110011
01011111111111111011
01000010010010110011
01001011010011111011
00000010010010110011
00011011010011111011
01010010010010111011
00010011010011111011
00001011010110111011
01000111010011111011
00011010010110110011
01010010010010110011
00010010010010111011
00011011110011111011
00010010010111110010
01000010010010111011
01011011010111111110
00000010010010110011
01000010010010110011
00011011010111110011
00010010010011110011
01001010010110110011
01010010010010110011
01001011010110111011
01011010010111111011
01011011010111111111
01001011110011111011
01010011010011111011
01010011010011111011
01000001010010111011
01010011010010111011
01010000010010111011
01011010010111111011
01000011010010110011
00010010010010111011
01010010010111111011
01010111010111111010
01000011010111111011
01010010010010110011
01010010010010110011
01011011011011111011
01010010010011111011
01011010110111111011
01010011010110111111
00010011010111111011
00000010010010110011
01010011010011110011
00010011010111110011
00010010010011111011
01001010010110110011
01000110010111111011
00011010010111111011
00010010010011111011
01000010010010111011
00010010010111111011
00010010010011110011
01001010110011110011
01011010010111111011
01010010010010110011
00011000110011110011
00011110010111110010
01001011010110110010
01011010010111110011
01010000010111111011
01010011010011110011
01010011010111111010
01011011110110111011
00001011110111111011
00010011010111111011
01000010010010110011
00000011010011111011
00000010010111110011
00010010010111111011
01010010010111111011
01011011010111111011
00010010010011111011
01011011010110111011
00010010010010110011
01000001010010111011
00011010010111110011
00010010010011111011
01010010010010111011
00010011110111111011
01010010010010110011
01011011010011111010
01011011010111111011
00000010010010110011
01011110010011111011
00000010010010111011
10001010111111110011
00010011010111111011
01011011010110111011
01010110010111111011
01010010010010111011
01010110010011111011
01011010010011111011
01001010011011110010
00011010010111111011
01010110010011111011
01011010010110111011
01000101010011111011
01010011010111111011
00010101010011111011
01010011010111110011
01000001010111111011
01000001010010111011
00010010010010111111
01010011010110111011
00010010010011111011
01010010010010111010
01000010010111111011
01010010010010111111
00010010010011111011
01010010010010111010
01010010010011110011
01010011010011111011
01000010010010111011
01011011010110110011
01011010010010110011
01010001010011111011
00010011010011111011
00000010010011111011
00000011010111111111
00011010010110111011
01010011010011111011
01010011010010111011
00010011010111110011
01011101010111111011
01010010010011111011
01010000010111111011
01010110010111111011
01011011110111111011
00010001010111111010
01000010010010111011
00010011010010110011
01010010010010110011
01010011010011111011
01000011010010111011
01011000010111111011
00010011010111110111
01011010010010111011
00010011010111111011
01011011010011111011
01000010010111110011
01011011110111111011
01010010010110111011
01010011010111111011
01000011010110111011
01000010010010110011
01011011010111110011
01011010010110111011
01010010010010111011
00000010010010110011
01010011010111111011
01010000010010110011
00011010110111111011
01010000010011111011
00011011110111111010
01010010010010111011
00010010010111110011
01011001110111111011
00011011110110110010
01010001010010111011
01011101011111111011
01010111010011111010
01010001010111111011
01001011110011111011
01010010010011111011
01010011010011111011
00011010010110111011
01000011010010110011
01011000010110111011
01010010010010110011
01011010010010111011
01010010010011111011
01010011011111111011
01001001010010110011
01000010010010110011
01000001010010111011
00010011010010111011
01011001010111111011
01011001010011111011
01011010010011110011
01011001010110111011
01010000010010110011
01010010010111110010
00010011010110111011
01000011010010110001
01010011110011111000
01000011010110111001
01000011110110110101
00011010010111111001
00010001010010111000
01010011010110110001
01010000010011111000
01011000110111111001
01010011010010111001
01010000010111111000
01010001010011111001
01010011010011111000
01011111111111111001
01010001010110111001
01010010010111111000
01000000010111111001
00010001010111111001
01010000010011111001
00010000010111111001
01000011011111110001
01010011010111111001
01000001010011111001
01000000010010110001
01010010010011111001
01010001010111111001
00010000010011111001
01010010010011110000
01011001010111111001
00011011010110111001
01010001010111111001
01010001010001111001
01011001110101111001
01001001111001110001
00011001010101111001
01011001010101111001