01101100000001001001
01100111110001001000
00111110100101001100
01010110110001101000
00000110100001001000
00111110000101001010
00100100000101001000
00010110100001001000
01110110000101101000
00010110010001001000
01010100100001001000
00000110000001001000
00010110010001001000
00010100010001001000
01101111010101001000
01000110000001001000
01100110100101101000
00010110000001001000
01010110100001001000
01010110010001101000
00010110000001001000
00010100010001001000
00100110000101001000
01110110010101001000
00100110100101001000
01110110000101001001
00010110100001101000
00101110000001001000
00010110000001101000
01011110010001001000
01010100000101101000
00111110010101001000
00000100100001001000
01100111000101101000
01110110000101101000
00010110000001001000
00000110000001001000
00010110000001001000
01100110000101001000
01010100000001001000
01010110010001101000
01010100010001001000
00100111110101001000
00101110010101001001
00010110010001101000
00100110010101001000
00101100010101001000
01010100010001101000
00010100010101001000
00010110110001001000
01100100000101101000
01110110010101101000
00110110000101001001
00110110010101001000
01101111010101001000
01100111100101101000
01000100110001101000
01100111010101001100
01010110000001001000
00010110010001001000
00100110000101001010
00010110000001001000
00110110000101101000
01110110000101101000
00110110000101101000
00110100000101001000
00010100000001001000
01100100010101001000
00000110000001001000
01110110100101001001
00000100000001001000
00110110110101001000
01111110000101101000
00100110000001001000
00010100000001101000
00110110010101001000
00110110010101001000
01110110010101001000
01100101010101101000
01110100110101101000
00010110110001001000
01110110110101101100
00010110000001101000
00010110110001001100
00110110010101101000
00011110100101101000
01000100000001001000
01110110010101100000
01010101110001101000
00100110000101001000
01010110000001101000
01101110010001101000
00111110010101001000
00000110000001001000
00100110010001101000
01100100000101001000
00010110010001001000
00010100000001101000
00010110110001001000
00101110000101001000
01010100010001001000
01010110000001001000
00010110010001001000
01100110100101001110
00010110000001001000
00010110000001001000
00010110000001101000
00010110010001101000
01010110000001101000
01010110100001101100
00100101010001001000
00000100000001001000
00010110000001001000
00101101010101101000
01100110000101001000
01101100000001101000
00101110000101001001
01110110010101101000
00010110000001001000
00010100100001001010
01010110010001101000
01010110000001001000
00100110010101001000
00100101010001001010
01010100100101001000
00110110010101001010
01010100000001101000
01100101010101001000
01110110000101001000
00010110110001101000
01100110000101101001
01110110010101101000
01011100110101001000
00010110000001001000
01100110000101101000
00010110000001101000
00010110000001001000
00110110000101001001
00010110110001001000
01110110010101101000
01010100001011111000
00110110000101001000
00010110000001001001
01110110000101001000
01110100000101001000
00010110110101001000
00010110000001001000
00010100010001101000
01010110010001101000
01110110010101101000
00010110010001001000
01010110010001001000
00010100000001101000
01010100000001101000
00010110100001101000
00010100010001101010
00110110010101101000
01100110000011001100
01110100000101101000
01010110010001001010
01110110010101101000
00010110010101101000
00010100010001101000
01100100010101001010
01100110000011001000
01110100000101101010
01110110010101101000
00010110010001001000
01110110000101001000
00110110010101001000
01110110000101101100
00101110010101000100
00100110010101001000
01010110000001101001
00010110010001001100
01110110000101100000
01010110000001001000
00010100000001001000
01101110011011001000
00010110000001001000
01010110010001101000
00010110000101101000
01010100010001001000
00010110000001001000
00110110000101001001
00111110010101001000
00110110000101001000
01110111110101101000
00010110000001001000
00000110000001001000
00110110010101001000
01101110000101001000
01010110010001101000
00100110000101001000
01010110110001101000
00010110010101001000
01010110110001101000
01010110000001101000
00100110000101101000
00100111010101001000
01010110010001001000
00010110000001001000
01101110000101001000
00110110010101001000
01100110111111001000
00110110000101101000
01010110010001001000
00110110010101001001
01101111000001001000
00010100100001001000
01100100010101001000
11110111000111101000
01110100010101001001
01110110000101001000
01110100000101101011
01110110010101101000
00010100000001001000
01000110000001001000
01010110000101001000
00100110000101001000
00010110010101001000
01000100000001101000
00010100100001001001
00010100000001001000
00110110010101001000
01100100000101001000
00111110010101001000
01110111010111101000
01110110000101001000
01010110010001001000
01110100010101001001
01010110010011101000
01010110000001001000
01110110000101101001
00010110110001001000
01110110000101101100
01110110010101101100
01010110000101001000
00010110010001001000
01110110110101001000
01010110111011101000
00010110000001001100
01010110000001101000
01100110000011001000
01010110010011101000
01010110010001001010
01110110010101101000
00010100000001101010
01010110100001101000
00100110010101001000
00100110010101001000
00010110010001001000
10110111010111101000
01100110010101001000
00010110000001001000
00010110010001101000
00011110000001001000
01110110000101001000
00010110010101101000
01101110010001001000
00010110000001001000
01100100010101001000
00110110000101101000
00010110010001001000
00000100010001101000
01100110000101101000
01010110010001101010
01010100010001101001
01000100000001101000
01000100010001101000
00000110010001001000
00010110010001001100
01100110000101101001
00010110010001001010
01000110010001001000
01010110110001101000
01010110000001101000
01010110010001001010
01100110010101001000
01010110011011111000
00010110010001001000
01110111010111011010
01110110010101101000
01110111010111101000
00010110000001001000
01010110010001101100
01110110010111101000
01010110010001001000
00110110000101001100
01010110100001001000
00010110010001001000
01110110010101001100
01110110000101001000
01110110010101001000
00010100010001001000
01100110000101001001
00010110010001001000
00100110010101001000
01101110010011000100
00110110110101001100
00110110000101101000
00110110010101001000
01010110010001001000
01100101010111101000
01110110010111101000
00010110010001100000
01110110000111101100
01110111010111101000
00010110000001001000
01110110000111101000
01010110000001001000
01110110010101001000
01110111010111001000
01110110010101101001
01110110010101001000
01100111010111101100
00100110010001001001
01010110000001101000
01100111010101001001
01111111010111001000
01010110010001000001
01100110010111101000
00110110010101001000
01110110010101101000
00000110010001101000
01110110000101001000
00010110110001001000
01010110000001001000
10100110001011011000
01100111010111111000
00010110010001101000
01110110110101001000
01010100010001001000
01110111110101001000
01100110010101001000
11100111001110011001
01010100010010001000
00010110110001001011
00010110010000001010
01000110100001101000
01110110010101101011
01010110110001101001
01100111010111101000
01010110000010101000
01010110000000101000
01111110010100001000
01010110010001101000
01100110010011001001
00010110010001001000
01010110000010001000
01110110010100001000
01010110010001001000
00110110010101001000
01010110010010001000
01010110010001101000
01010110000001001000
00010110010000101001
00110110010101001000
01010110010000101000
01010110010010101000
01010110000000001001
01010110000001101000
00010110010001001100
01100110010101101000
01100110010101100000
01110110010110101001
00000110110000101000
01010110010001001001
01010110010001001000
01010110110001001000
10110110010111101001
01010110010000101000
00010110000001001000
01100110010100101101
01100110010101001001
01010100010011101001
01110110000111101000
01010110010000001001
01110110010101101000
00110110010100000100
01100111010111101000
01010110010011101001
01110110000101001000
00010110010001101000
01010110010000001000
01010110010011101000
01010110000001101100
01010110000000001000
01110110010101101001
01110110010100010001
01010110010001001000
01010110000101001000
01110110010100101010
00010110010000001001
01010010010010001000
01110010010100001000
01100110010110111000
01110010010100001000
01100110010100001001
01010000010010101000
00110010010100101000
01010010010000101000
11010100111010101000
01010010110000101001
01010010010010101000
11110010000110101000
01010010010000001101
01110010010110101000
00010010010000001010
01100010000100101001
00010000010000001000
01110010010100001001
00110010010100001000
00110010010100001000
01100011011110101000
00010010000000101000
01110010000100001001
01010010000000101000
01110010010100101000
01010010010000101001
01110010010110101100
01100010010100001100
00010010010000101000
00010010010000001000
01110010010110001000
01110010010100101000
01110010000110100001
01100011010110101000
01100010000110101101
01110010000110101000
01110010010110001000
01110010010100101000
01010010010000101000
01010010010000001000
10010010010010001011
01010010010000101000
01010010010010001000
01010010010000101000
01110010010110111000
11010010111010111000
01010010010000101000
01010010010000001000
01110010000110001000
01010010010010101000
01110010010110001000
01010010010000001000
01110010001110101100
01110011010110101001
01010010000010101000
01110010000100000000
01110010010110001000
01010010010010101000
01110010010100001000
01100010010100001000
01110010010110101000
01110010010110101100
01010010010010101000
01100010010110101001
11010010010010111000
11110010001110101001
01010010010000101001
11010010010010101010