11010111101011111000
11010111101011111000
11111110101111111000
01001100111011001000
01010110101011111000
01000110101011101000
10100110101111101000
11111110101111111000
01010101101011101000
11101111111110111100
11101011111110111100
01010101101011101000
10101110000010010000
10101110011011011000
10011001101010011010
10011101101010001010
01011101101010001010
10011001101010001000
01010110100001001000
11110001101110111000
01110110000100001000
00010110110001001010
01000110101011101010
01110101101111101000
11010010011010101000
10101000111010011000
01010110101011111000
01011111101011101000
11100110101111111000
01010110101011101000
01100111000111111000
01010111111011111000
01000100011010101000
10010110101111101000
01010110101011111000
01010110101011101000
01100110000001101000
11100111101111101000
10101110001011001000
11101110001011011000
01001100101011101000
01000100101011101000
01000100101011101000
01001100101011101000
10110100101111101000
10111110101111011000
01010110110001101100
10101011001110001100
01110110010101101000
01100111000111111000
10000110101011101000
10100110101111111000
01010001101010111000
10100100111111111000
10100100111111011000
00010110000101001000
10100110001111011000
10100100001111010000
01010010001010111000
11100010011110111000
11100011001110111000
11100011011110111100
11100111101110011100
11100110011010101001
10101110101111111000
11000110101011001000
11001100101011101000
11111110101111111000
01010110101011111000
01000110101010101000
11110011001110111000
11101110001111011000
01101110001111011000
01110100001111101000
00101110100001001011
10101110101011001011
10101110101011001011
10101110101011011011
10101110101011001011
10100110000111101011
10101110101011001011
10101110101011001011
10101110101011011011
10100110001111111011
10101110111011011011
10100110111011101011
10100010010010001000
11110110001111111000
01010110111011101000
11110010101110111000
11100010101110111000
11100010101110011000
01001000101010101010
01000000101010101000
01011001101010101000
01001000101010111000
11011001111010011000
01011111101011101001
01110110010101001000
00101110010001001100
10101110001011001100
00101110010001001100
10101110001011001100
01100011000010101001
01100110000101001001
01100110000001001001
10000100011010101000
11110011011110111000
01101110001111101000
11110111101111101001
11110111101111101000
11010111101111111000
01010110100001101001
01101100101011111000
01010110110001101100
10100110101110101100
10100110101111111000
11100010011010111001
01100100111110101000
11100110101011111000
01100100101111111000
00110110110101001010
00010110110001101000
01110110000111101000
01011101101011101000
10010110101011101000
10011101101011111000
11011101111011001000
10011101101011101000
10111100111111001000
01011110010010101100
01100110000110001000
11100110101111111000
11101110101111011000
11101110101111111000
01100010011010101001
01001100100001101000
11100110101011111000
00100110100001001000
10110101101111101000
10100110101111011000
01111011010110101000
01100110001011111000
11100110101111011000
10110110101111011000
11100011001110011001
10101100111011011000
01010110101011011000
10110100101111011000
10110100101111111000
10110100101111101000
01010100000001101000
01010110101111101000
10010110101011101000
10010110101011101000
10010110101111101000
01110111101111101000
01110101111111101001
10000100101011101000
01110010011110101000
10011101101011101000
10101110000011101000
10101110000011101000
11100110101011111000
01100110111011001000
10100110111011001000
11101110001011011000
01010110000011101000
11101110101111011000
11100110011111111100
00100110100101001000
01010110000001101000
01010110101011101000
00010110000001101000
01100110111001101100
01010000111010101000
11100110011010011100
01000100111011101000
01000100111011101000
01111110100101101000
01010100101111101000
01101110001011111000
11101110001011011000
11111100101111111000
10100100101111101000
10101110101111101100
10110100101111111000
10101110111011001000
10100100101111111000
11110011011110101000
00011110000001101000
11110010001110011000
10101100111011001000
10111000111110001000
10101100111110101000
00011101110001001000
10111100111111101000
11111110011110011010
10100110011111111000
10100110111111011000
10110101111111101000
11110110101110111000
11011101111011101000
11011101111010101000
10111111001111011000
11101110111011011011
10001100101011101000
11011011101010011000
10100110101111101000
11100110101111011000
01010110100001101000
01110110010100001000
01000100101011101000
01000100101011101000
01000100101011101000
01000100101011101000
01000100101011101000
01000100101011101000
01000100101011101000
01000100101011101000
01111110101111101000
01001100100001101000
00001100000001001000
01011100100001101000
01011100100001001000
01111100000101001000
01111100000101001000
01100110101111111000
01100110101011101001
01100100001111101000
01101110001011001101
11101110001011111000
11101110011011011000
11101110001011011000
11111111011111101000
10101110111011001000
01010111101011101010
01010110000001101000
01100111001111111100
01110110000101101000
01011110000001101010
01110010010100101000
00010110000001001000
00010010000000001010
00010110000000001010
00010110000001001000
01101110010110111000
01110101000111101000
01010111010111101000
01100110011011001000
01100100110101001000
01010100000101101000
00010110110001101000
00010110100001101000
11011101111011111000
11110111001111101000
10101110101011101000
10101110101111111000
01100110011110101000
01101010001010101000
01101110101011011000
01101110101011001100
10101100000011001000
10101100000011001000
10010101101011101000
10101110001111011000
01111110101111011000
11100100111011111000
10010110101011101000
10010100101011101000
00010110110001101000
10010010011010101000
10010010011010101000
01010110001011011000
10101110101011111000
10101110101011001000
11110111101111101000
11101110101111101000
11101110011111111000
11100111001111011000
11110111001111101000
00100110100101101000
11101110001110111000
11101110001110111000
11101110001111101000
01010110001011101000
10000110101011101000
01101010001110101110
00110110000101101000
00101111000001101000
00111110000101001100
01000110101010101010
01010111101011111010
01010111101011111000
11010101101011111000
01101110000011010000
01110111101111011000
01101110101011011000
01110111101111011000
01101110001011111000
01010110101011101000
01000100101011101000
01011100111011101000
11110100101111111000
01101100001011111000
01010100100001101000
01011100101011101000
01010100101011111000
01100111101111111000
01110111101111101000
10010110101011111000
01010110000010011100
01010110000010011100
01010110001010111100
11110011001110101000
01110100001111101000
11110001011110111000
11100011001110111000
10101110101011011000
01101110110101101000
11010111001011111000
00110110100101001000
00111110100101101100
00111110110101001100
01111110100101101100
01010100000001101010
01101111000011001100
01100110111011001000
01100110111011101000
01010110101011101000
11100010001110011000
00010110000001101000
00010110110001001000
00100110110001001000
01000010000000101010
01001110101011111010
01010110111011111000
00000100010000001000
00000110000001001000
10100110001011111000
11101100001011011000
01100110001111101000
01101110000011011100
11101100001011111000
11101110111011001000
01101110111011111000
11101110001111111000
01101110001011111000
01110111101111011000
11100110111111111000
11101110111011111000
11101110011011001000
11101110001011111000
01010100000001001000
01010100110001001000
01010100110001101000
01010100110001001000
01000100110001101000
01010100110001101000
01010100110001101000
10010110111011101000
00010110010001101000
11100110111011111000
01111101101111101000
11101110111111101000
11101110101111111000
11101110101111111000
11101100101011101000
01101110111011001100
10101110101011011000
01011101101011101000
11101100101011111000
01101100101111101000
01101110111111101000
00011101110001001000
01101110111011101000
00101110110101101000
01101100110001001000
00101111110101001000
01111110100101001000
01011111101011101000
00010111110001001000
01011111101111011010
00100110000101101000
00010110000001001100
01111100010101001000
00010110110001001100
00100110100101001000
00010110000001001010
00010100110001001000
00100110000101001100
00010110110001001000
00110110110101001000
00010110000001001000
00010110010001001000
01010110000001101000
00010110000001001000
01010110000001001000
01010110100001001000
00010110100001001100
00010110110001001000
00010110110001001100
00010110110001001100
00110110010101001000
00010110110001001000
00010110100001001000
00010110100001001000
00010110000001001000
00011110110001001100
01010110100001001000
01100101010101001000
01010110100001001010
00111110000101001000
00100110010101001000
00100111010001001100
00011110110001001100
00100110010001001100
00101111010001001000
00110110100101001100
00010110100001001000
00010110100001001100
01100110000101001000
00101110100101001000
00010100010001101000
01100110110001001100
00110110000101001000
01010110010001001000
00100110000101001000
11010110101011111000
11010110101011111000
10010101001011001000
10100110101111011000
11101010101010011000
01010110000011011000
11011110101010011010
11011110101010011000
11110110001110011000
10010110101011101000
01000110000000001010
11100010011110111000
01010010001010101000
11100010111110101000
01100010001110111000
11100110001010011000
00011110110001001000
01010110100001101000
01101110101111111000
01010101101011101000
01010101101011101000
10100010001110111000
01100100001111101000
01100100101011011000
01000110000001001010
01000010000000001010
01110101011111101010
01100110000000001001
11110010001110101000
11100110001110011000
01010010001010101010
10100110001110011000
10100110001011111000
11010110101011101000